0.433 0.12 0.111 3.14 -2.62667e-17 1.6 
0.432708 0.121149 0.111083 -3.14031 -2.14553e-07 1.6 
0.431814 0.124593 0.111332 -3.1317 -8.54267e-07 1.6 
0.430263 0.130319 0.111747 -3.11734 -1.90726e-06 1.60001 
0.427964 0.138302 0.112329 -3.09724 -3.35363e-06 1.60001 
0.424788 0.148508 0.113079 -3.0714 -5.1652e-06 1.60002 
0.420574 0.160883 0.113999 -3.03982 -7.30536e-06 1.60003 
0.415126 0.175355 0.115091 -3.00249 -9.72864e-06 1.60004 
0.408217 0.191826 0.116355 -2.95942 -1.23803e-05 1.60005 
0.399591 0.210164 0.117796 -2.91061 -1.51961e-05 1.60006 
0.388968 0.230202 0.119414 -2.85605 -1.81012e-05 1.60008 
0.376048 0.251726 0.121213 -2.79576 -2.101e-05 1.60009 
0.360521 0.274467 0.123197 -2.72971 -2.38255e-05 1.6001 
0.342072 0.298099 0.125368 -2.65793 -2.64381e-05 1.60011 
0.320392 0.322227 0.12773 -2.58041 -2.8725e-05 1.60012 
0.295193 0.346383 0.130286 -2.49714 -3.05495e-05 1.60012 
0.266226 0.37002 0.133042 -2.40813 -3.17595e-05 1.60013 
0.233484 0.392393 0.135985 -2.31391 -3.21871e-05 1.60013 
0.199965 0.411291 0.138858 -2.22269 -3.17452e-05 1.60012 
0.167145 0.426397 0.141572 -2.1372 -3.05491e-05 1.60012 
0.135482 0.43812 0.144123 -2.05746 -2.8737e-05 1.60011 % Specify the file path

% Load the data from the text file into a variable
data = load("DKPos2.txt");

% Extract the number of joints (assuming each column represents a joint)
num_joints = size(data, 2);

% Time interval between snapshots (in seconds)
time_interval = 0.033;

% Calculate time values based on the number of snapshots
time = (0:size(data, 1) - 1) * time_interval;

% Create a figure for the plot
figure;

% Plot each joint angle over time
for i = 1:num_joints
    subplot(num_joints, 1, i); % Create a subplot for each joint
    plot(time, data(:, i));
    title(['Joint ', num2str(i), ' Angle over Time']);
    xlabel('Time (seconds)');
    ylabel('Joint Angle');
end

% Adjust subplot spacing
tight_layout();

% Display the plot
0.105346 0.446889 0.146506 -1.98347 -2.64423e-05 1.6001 
0.0770329 0.453131 0.148717 -1.91521 -2.37934e-05 1.60009 
0.0507659 0.457268 0.150754 -1.8527 -2.0912e-05 1.60008 
0.0267106 0.459698 0.152613 -1.79593 -1.79126e-05 1.60007 
0.00498241 0.460797 0.154291 -1.7449 -1.49019e-05 1.60006 
-0.0143435 0.460907 0.155786 -1.69962 -1.19777e-05 1.60004 
-0.0312235 0.460336 0.157096 -1.66008 -9.22824e-06 1.60003 
-0.0456374 0.459355 0.15822 -1.62628 -6.73197e-06 1.60003 
-0.0575809 0.458195 0.159154 -1.59822 -4.5568e-06 1.60002 
-0.0670601 0.45705 0.159899 -1.57591 -2.75973e-06 1.60001 
-0.0740858 0.456071 0.160453 -1.55934 -1.38649e-06 1.60001 
-0.0786692 0.455373 0.160815 -1.54851 -4.71302e-07 1.6 
-0.0808196 0.455029 0.160986 -1.54343 -3.66155e-08 1.6 
-0.081 0.455 0.161 -1.543 -2.24612e-17 1.6 
-0.0817294 0.455087 0.160482 -1.543 -6.29896e-06 1.60002 
-0.0839193 0.455337 0.158931 -1.543 -2.42651e-05 1.60009 
-0.0875746 0.455719 0.156356 -1.54301 -5.1161e-05 1.60019 
-0.0927024 0.456183 0.152772 -1.54301 -8.26065e-05 1.60031 
-0.0993109 0.456655 0.148203 -1.54301 -0.000112855 1.60044 
-0.107407 0.457043 0.142676 -1.54302 -0.000135184 1.60055 
-0.116995 0.457232 0.136229 -1.54302 -0.000142406 1.6006 
-0.126971 0.457119 0.129629 -1.54302 -0.000130011 1.60057 
-0.135499 0.456773 0.12407 -1.54302 -0.000105076 1.60048 
-0.142546 0.456314 0.119531 -1.54301 -7.5586e-05 1.60036 
-0.148111 0.45584 0.115982 -1.54301 -4.71799e-05 1.60023 
-0.152197 0.45543 0.113394 -1.543 -2.36984e-05 1.60012 
-0.154808 0.45514 0.111749 -1.543 -7.61455e-06 1.60004 
-0.155945 0.455007 0.111034 -1.543 -3.53952e-07 1.6 
-0.156 0.455 0.111 -1.543 -8.57255e-17 1.6 
-0.155922 0.455185 0.111817 -1.543 3.02853e-16 1.6 
-0.155692 0.455732 0.114274 -1.543 2.52968e-17 1.6 
-0.155322 0.456613 0.118387 -1.543 1.36319e-16 1.6 
-0.15483 0.457783 0.124185 -1.543 -1.41237e-16 1.6 
-0.154244 0.459175 0.131704 -1.543 -3.02143e-17 1.6 
-0.153601 0.460704 0.140989 -1.543 -2.52259e-16 1.6 
-0.152945 0.462264 0.152091 -1.543 1.9183e-16 1.6 
-0.152332 0.463723 0.165064 -1.543 8.0808e-17 1.6 
-0.151825 0.464927 0.179963 -1.543 -8.57255e-17 1.6 
-0.151501 0.465697 0.196838 -1.543 8.0808e-17 1.6 
-0.151445 0.465831 0.215425 -1.543 -8.57255e-17 1.6 
-0.151678 0.465278 0.233025 -1.543 -2.52259e-16 1.6 
-0.152124 0.464216 0.24894 -1.543 -2.45875e-18 1.6 
-0.15271 0.462824 0.263106 -1.543 5.30524e-17 1.6 
-0.153366 0.461264 0.27548 -1.543 1.64075e-16 1.6 
-0.154032 0.459681 0.286031 -1.543 -5.79699e-17 1.6 
-0.154655 0.458198 0.294739 -1.543 -1.13481e-16 1.6 
-0.155193 0.456918 0.301592 -1.543 -2.52259e-16 1.6 
-0.155611 0.455924 0.306584 -1.543 -2.24503e-16 1.6 
-0.155885 0.455274 0.309711 -1.543 -8.57255e-17 1.6 
-0.155997 0.455006 0.310971 -1.543 -2.45875e-18 1.6 
-0.156 0.455 0.311 -1.543 -5.79699e-17 1.6 
-0.154807 0.45553 0.310772 -1.54591 -2.63115e-05 1.60012 
-0.151218 0.457101 0.31009 -1.55465 -0.000104709 1.60049 
-0.145204 0.459654 0.308953 -1.56921 -0.000233588 1.6011 
-0.136716 0.463092 0.307365 -1.58959 -0.000410294 1.60194 
-0.125692 0.467275 0.305329 -1.61581 -0.000631153 1.603 
-0.112058 0.472022 0.302848 -1.64785 -0.000891517 1.60428 
-0.0957319 0.477106 0.299929 -1.68572 -0.00118582 1.60576 
-0.0766344 0.482251 0.296575 -1.72943 -0.00150764 1.60742 
-0.0546931 0.487134 0.292796 -1.77898 -0.00184979 1.60924 
-0.0298529 0.49138 0.288599 -1.83436 -0.00220445 1.61121 
-0.00208724 0.494565 0.283994 -1.89558 -0.0025632 1.61328 
0.0285899 0.49621 0.27899 -1.96264 -0.00291725 1.61545 
0.0621105 0.495793 0.2736 -2.03555 -0.00325753 1.61767 
0.0983375 0.492747 0.267837 -2.1143 -0.00357487 1.61991 
0.137049 0.48647 0.261716 -2.19889 -0.0038602 1.62214 
0.177924 0.476338 0.255253 -2.28932 -0.00410473 1.62431 
0.220522 0.461718 0.248465 -2.3856 -0.00430022 1.62639 
0.264278 0.441992 0.241372 -2.48771 -0.00443916 1.62832 
0.30732 0.417321 0.234191 -2.59274 -0.0045139 1.63002 
0.347929 0.388414 0.227131 -2.69777 -0.00452509 1.63143 
0.385684 0.355524 0.220192 -2.80278 -0.00447837 1.63254 
0.420195 0.318944 0.213379 -2.90776 -0.00437944 1.63336 
0.451097 0.279005 0.206691 -3.01272 -0.00423399 1.63388 
0.478066 0.236076 0.200132 -3.11765 -0.00404771 1.6341 
0.500814 0.190556 0.193704 3.06065 -0.00382626 1.63403 
0.519092 0.142872 0.187408 2.95581 -0.0035753 1.63366 
0.5327 0.0934736 0.181246 2.85101 -0.00330042 1.633 
0.541479 0.0428293 0.17522 2.74627 -0.00300718 1.63204 
0.545324 -0.00857862 0.169331 2.64159 -0.00270106 1.63079 
0.544173 -0.060259 0.163582 2.53697 -0.00238747 1.62924 
0.538067 -0.111418 0.158006 2.43303 -0.00207357 1.62741 
0.527689 -0.159488 0.152827 2.33412 -0.00177735 1.6254 
0.51392 -0.203784 0.148069 2.24108 -0.00150489 1.62328 
0.497569 -0.244171 0.143712 2.15391 -0.00125823 1.62107 
0.47939 -0.280626 0.139737 2.07258 -0.00103826 1.61884 
0.460074 -0.313216 0.136125 1.99709 -0.000844875 1.6166 
0.44024 -0.342075 0.132858 1.92744 -0.000677235 1.61441 
0.420438 -0.36739 0.129922 1.86361 -0.000533926 1.61228 
0.401148 -0.38938 0.1273 1.8056 -0.000413135 1.61026 
0.382782 -0.408282 0.124979 1.75339 -0.000312792 1.60836 
0.365688 -0.424341 0.122946 1.70698 -0.000230703 1.60662 
0.350161 -0.437795 0.121191 1.66635 -0.000164662 1.60504 
0.336439 -0.448871 0.119704 1.63151 -0.00011254 1.60366 
0.324716 -0.457774 0.118476 1.60244 -7.23721e-05 1.60248 
0.315147 -0.464684 0.1175 1.57915 -4.2419e-05 1.60152 
0.307846 -0.469749 0.11677 1.56162 -2.12248e-05 1.60079 
0.302899 -0.473083 0.116283 1.54985 -7.6569e-06 1.60029 
0.300359 -0.474764 0.116035 1.54385 -9.37796e-07 1.60004 
0.3 -0.475 0.116 1.543 -1.07352e-16 1.6 
0.299544 -0.475075 0.115902 1.54293 -8.53356e-06 1.60032 
0.298176 -0.475294 0.115612 1.54272 -3.54296e-05 1.60126 
0.295894 -0.475644 0.115147 1.54239 -8.43714e-05 1.60277 
0.292699 -0.4761 0.114532 1.54197 -0.000160808 1.60476 
0.288591 -0.476629 0.113803 1.54152 -0.000270867 1.60712 
0.283568 -0.477189 0.113008 1.54107 -0.000419741 1.6097 
0.277634 -0.477734 0.112205 1.54068 -0.000609458 1.61231 
0.270792 -0.478209 0.111465 1.5404 -0.000835969 1.61471 
0.263046 -0.478556 0.11087 1.54028 -0.00108547 1.61664 
0.254407 -0.478717 0.110512 1.54036 -0.00132996 1.61779 
0.245099 -0.478635 0.110496 1.54064 -0.00151893 1.61784 
0.236487 -0.478338 0.110825 1.54104 -0.00159055 1.61677 
0.228803 -0.477903 0.111403 1.54146 -0.00154276 1.61489 
0.222042 -0.477395 0.112135 1.54185 -0.00139346 1.61252 
0.216194 -0.476866 0.112939 1.54219 -0.00116988 1.60991 
0.211254 -0.476357 0.113742 1.54247 -0.000904209 1.60731 
0.207216 -0.475901 0.114484 1.54268 -0.000629918 1.60491 
0.204075 -0.475522 0.115114 1.54283 -0.000378554 1.60287 
0.201827 -0.475238 0.115593 1.54293 -0.000177225 1.60132 
0.200469 -0.475062 0.115894 1.54298 -4.66927e-05 1.60034 
0.2 -0.475 0.116 1.543 -3.38638e-08 1.6 
