0.433 0.12 0.161 3.14 8.44884e-16 -3.14119 
0.427084 0.1413 0.162635 -3.08984 -3.23765e-09 -3.14119 
0.420111 0.162307 0.164272 -3.0365 -5.80563e-09 -3.14119 
0.412098 0.18297 0.165912 -2.98315 -7.75167e-09 -3.14119 
0.403061 0.203235 0.167554 -2.92981 -9.12356e-09 -3.14119 
0.39302 0.223051 0.169199 -2.87646 -9.96908e-09 -3.14119 
0.381997 0.24237 0.170846 -2.82312 -1.0336e-08 -3.14119 
0.370017 0.261141 0.172495 -2.76978 -1.02723e-08 -3.14119 
0.357107 0.279316 0.174147 -2.71643 -9.82559e-09 -3.14119 
0.343298 0.29685 0.175801 -2.66309 -9.04385e-09 -3.14119 
0.328621 0.313698 0.177457 -2.60974 -7.97491e-09 -3.14119 
0.31311 0.329815 0.179116 -2.5564 -6.66664e-09 -3.14119 
0.296803 0.345162 0.180776 -2.50306 -5.16689e-09 -3.14119 
0.279737 0.359697 0.182439 -2.44971 -3.52356e-09 -3.14119 
0.261953 0.373384 0.184104 -2.39637 -1.78451e-09 -3.14119 
0.243494 0.386186 0.185771 -2.34302 2.35093e-12 -3.14119 
0.224405 0.39807 0.18744 -2.28968 1.78915e-09 -3.14119 
0.20473 0.409004 0.189111 -2.23633 3.52801e-09 -3.14119 
0.184517 0.41896 0.190784 -2.18299 5.17103e-09 -3.14119 
0.163816 0.427911 0.192459 -2.12965 6.67034e-09 -3.14119 
0.142677 0.435832 0.194136 -2.0763 7.97805e-09 -3.14119 
0.121151 0.442702 0.195815 -2.02296 9.0463e-09 -3.14119 
0.0992908 0.448503 0.197496 -1.96961 9.82722e-09 -3.14119 
0.0771501 0.453217 0.199178 -1.91627 1.0273e-08 -3.14119 
0.0547831 0.45683 0.200863 -1.86293 1.03357e-08 -3.14119 
0.0322449 0.459333 0.202549 -1.80958 9.96751e-09 -3.14119 
0.009591 0.460716 0.204236 -1.75624 9.12067e-09 -3.14119 
-0.0131226 0.460975 0.205926 -1.70289 7.74735e-09 -3.14119 
-0.0358396 0.460106 0.207617 -1.64955 5.79974e-09 -3.14119 
-0.0585038 0.45811 0.20931 -1.5962 3.23007e-09 -3.14119 
-0.081 0.455 0.211 -1.543 1.72007e-16 -3.14119 
-0.0939102 0.456377 0.20228 -1.543 2.79013e-08 -3.14119 
-0.106967 0.457174 0.193528 -1.543 2.01432e-08 -3.14119 
-0.120143 0.457385 0.184748 -1.543 -3.97998e-09 -3.14119 
-0.133407 0.457005 0.175947 -1.543 -2.5147e-08 -3.14119 
-0.146732 0.456029 0.167128 -1.543 -2.40413e-08 -3.14119 
-0.156 0.455 0.161 -1.543 8.74069e-17 -3.14119 
-0.155442 0.456326 0.172233 -1.51313 -1.0744e-07 -3.14119 
-0.154847 0.457313 0.183559 -1.48325 -1.31201e-07 -3.14119 
-0.154216 0.457959 0.194966 -1.45338 -9.61647e-08 -3.14119 
-0.15355 0.458261 0.206444 -1.4235 -2.73255e-08 -3.14119 
-0.152851 0.458215 0.217984 -1.39363 5.02547e-08 -3.14119 
-0.15212 0.45782 0.229574 -1.36376 1.11497e-07 -3.14119 
-0.151359 0.457074 0.241203 -1.33388 1.31354e-07 -3.14119 
-0.150568 0.455975 0.252862 -1.30401 8.48615e-08 -3.14119 
-0.15 0.455 0.261 -1.28319 1.53169e-15 -3.14119 
-0.127765 0.463365 0.259564 -1.34193 2.26284e-07 -3.14119 
-0.105071 0.470635 0.258122 -1.40067 4.29343e-07 -3.14119 
-0.0819727 0.476785 0.256673 -1.45942 6.09951e-07 -3.14119 
-0.0585258 0.481793 0.255217 -1.51816 7.68887e-07 -3.14119 
-0.034787 0.485639 0.253755 -1.5769 9.06934e-07 -3.14119 
-0.0108144 0.488307 0.252286 -1.63565 1.02488e-06 -3.14119 
0.0133332 0.489783 0.250811 -1.69439 1.12352e-06 -3.14119 
0.0375962 0.490058 0.24933 -1.75313 1.20364e-06 -3.14119 
0.0619144 0.489122 0.247842 -1.81188 1.26604e-06 -3.14119 
0.086227 0.486973 0.246347 -1.87062 1.31154e-06 -3.1412 
0.110473 0.483607 0.244846 -1.92936 1.34092e-06 -3.1412 
0.134592 0.479027 0.243339 -1.98811 1.35501e-06 -3.1412 
0.158521 0.473238 0.241826 -2.04685 1.35462e-06 -3.1412 
0.182201 0.466246 0.240306 -2.10559 1.34055e-06 -3.1412 
0.205571 0.458064 0.238779 -2.16434 1.31364e-06 -3.1412 
0.22857 0.448705 0.237247 -2.22308 1.2747e-06 -3.1412 
0.251139 0.438185 0.235708 -2.28182 1.22455e-06 -3.1412 
0.273219 0.426525 0.234163 -2.34057 1.16402e-06 -3.1412 
0.294752 0.413749 0.232612 -2.39931 1.09394e-06 -3.1412 
0.315682 0.399881 0.231054 -2.45805 1.01513e-06 -3.1412 
0.335953 0.38495 0.229491 -2.5168 9.28437e-07 -3.1412 
0.355511 0.368989 0.227921 -2.57554 8.34682e-07 -3.1412 
0.374303 0.352031 0.226345 -2.63428 7.34703e-07 -3.1412 
0.392279 0.334114 0.224763 -2.69303 6.29337e-07 -3.1412 
0.409389 0.315278 0.223174 -2.75177 5.19418e-07 -3.1412 
0.425587 0.295564 0.22158 -2.81051 4.05787e-07 -3.1412 
0.440827 0.275017 0.21998 -2.86926 2.8928e-07 -3.1412 
0.455066 0.253685 0.218374 -2.928 1.70738e-07 -3.1412 
0.468265 0.231616 0.216761 -2.98674 5.09987e-08 -3.1412 
0.480385 0.208861 0.215143 -3.04549 -6.90968e-08 -3.1412 
0.491389 0.185474 0.213519 -3.10423 -1.88709e-07 -3.1412 
0.501247 0.16151 0.211889 3.12021 -3.06998e-07 -3.1412 
0.509927 0.137025 0.210253 3.06147 -4.23125e-07 -3.1412 
0.517401 0.112078 0.208611 3.00273 -5.36251e-07 -3.1412 
0.523647 0.0867287 0.206963 2.94398 -6.45536e-07 -3.1412 
0.528641 0.0610378 0.20531 2.88524 -7.50144e-07 -3.1412 
0.532366 0.0350675 0.203651 2.8265 -8.49238e-07 -3.1412 
0.534807 0.00888098 0.201986 2.76775 -9.41982e-07 -3.1412 
0.535951 -0.0174578 0.200315 2.70901 -1.02754e-06 -3.1412 
0.53579 -0.0438842 0.198638 2.65027 -1.10508e-06 -3.1412 
0.534317 -0.0703331 0.196956 2.59152 -1.17378e-06 -3.1412 
0.53153 -0.0967391 0.195268 2.53278 -1.2328e-06 -3.1412 
0.527431 -0.123037 0.193575 2.47404 -1.28131e-06 -3.1412 
0.522023 -0.14916 0.191875 2.41529 -1.31849e-06 -3.1412 
0.515313 -0.175043 0.190171 2.35655 -1.34352e-06 -3.1412 
0.507313 -0.200622 0.18846 2.29781 -1.35557e-06 -3.1412 
0.498037 -0.225831 0.186744 2.23906 -1.35383e-06 -3.1412 
0.487502 -0.250607 0.185023 2.18032 -1.33749e-06 -3.1412 
0.475728 -0.274886 0.183296 2.12158 -1.30573e-06 -3.1412 
0.462739 -0.298606 0.181564 2.06283 -1.25774e-06 -3.14119 
0.448561 -0.321707 0.179826 2.00409 -1.19271e-06 -3.14119 
0.433226 -0.344127 0.178083 1.94535 -1.10985e-06 -3.14119 
0.416765 -0.36581 0.176334 1.8866 -1.00835e-06 -3.14119 
0.399215 -0.386697 0.17458 1.82786 -8.87425e-07 -3.14119 
0.380615 -0.406736 0.172821 1.76912 -7.46279e-07 -3.14119 
0.361005 -0.425871 0.171056 1.71037 -5.84125e-07 -3.14119 
0.34043 -0.444053 0.169287 1.65163 -4.00181e-07 -3.14119 
0.318937 -0.461233 0.167512 1.59289 -1.9367e-07 -3.14119 
0.3 -0.475 0.166 1.543 8.92314e-16 -3.14119 
0.283207 -0.476486 0.166329 1.543 -3.79546e-08 -3.14119 
0.266585 -0.477375 0.166531 1.543 -3.16418e-08 -3.14119 
0.250156 -0.47768 0.166604 1.543 -2.40827e-09 -3.14119 
0.233941 -0.477415 0.16655 1.543 2.83586e-08 -3.14119 
0.21796 -0.476596 0.166367 1.543 3.92688e-08 -3.14119 
0.202232 -0.475238 0.166055 1.543 8.96737e-09 -3.14119 
