0.433 0.12 0.111 3.14 2.92444e-17 1.6 
0.427279 0.140578 0.112496 -3.0915 -3.76125e-06 1.60002 
0.420573 0.160887 0.114 -3.03981 -7.30605e-06 1.60003 
0.412894 0.18088 0.115512 -2.98812 -1.06308e-05 1.60004 
0.404258 0.200509 0.117033 -2.93643 -1.37318e-05 1.60006 
0.394682 0.219729 0.118562 -2.88474 -1.66056e-05 1.60007 
0.384183 0.238494 0.120099 -2.83305 -1.92485e-05 1.60008 
0.372785 0.256759 0.121644 -2.78136 -2.16569e-05 1.60009 
0.360511 0.274481 0.123198 -2.72967 -2.38272e-05 1.6001 
0.347386 0.291618 0.12476 -2.67798 -2.57557e-05 1.60011 
0.333439 0.308127 0.126329 -2.6263 -2.7439e-05 1.60011 
0.318699 0.32397 0.127907 -2.57461 -2.88735e-05 1.60012 
0.303198 0.339108 0.129493 -2.52292 -3.00555e-05 1.60012 
0.28697 0.353504 0.131086 -2.47123 -3.09814e-05 1.60012 
0.270051 0.367122 0.132688 -2.41954 -3.16477e-05 1.60013 
0.252477 0.379929 0.134297 -2.36785 -3.20509e-05 1.60013 
0.234288 0.391893 0.135914 -2.31616 -3.21873e-05 1.60013 
0.215524 0.402984 0.137539 -2.26447 -3.20534e-05 1.60013 
0.196228 0.413173 0.139172 -2.21278 -3.16456e-05 1.60012 
0.176442 0.422436 0.140812 -2.16109 -3.09605e-05 1.60012 
0.156211 0.430748 0.14246 -2.1094 -2.99943e-05 1.60012 
0.135581 0.438087 0.144115 -2.05771 -2.87437e-05 1.60011 
0.1146 0.444434 0.145778 -2.00602 -2.7205e-05 1.6001 
0.0933148 0.449772 0.147448 -1.95433 -2.53747e-05 1.6001 
0.0717745 0.454085 0.149126 -1.90264 -2.32492e-05 1.60009 
0.0500286 0.457361 0.150811 -1.85095 -2.08252e-05 1.60008 
0.0281274 0.459591 0.152503 -1.79926 -1.80989e-05 1.60007 
0.00612153 0.460765 0.154203 -1.74757 -1.5067e-05 1.60006 
-0.0159379 0.46088 0.15591 -1.69589 -1.17259e-05 1.60004 
-0.0379995 0.459931 0.157624 -1.6442 -8.07205e-06 1.60003 
-0.0600117 0.45792 0.159345 -1.59251 -4.102e-06 1.60002 
-0.081 0.455 0.161 -1.543 -1.33484e-16 1.6 
-0.0941709 0.4563 0.151752 -1.54301 -9.03056e-05 1.60035 
-0.10741 0.457043 0.142674 -1.54302 -0.000135189 1.60055 
-0.120691 0.457227 0.133772 -1.54302 -0.000140058 1.6006 
-0.133987 0.456851 0.12505 -1.54302 -0.000110392 1.6005 
-0.147272 0.455918 0.116515 -1.54301 -5.17354e-05 1.60025 
-0.156 0.455 0.111 -1.543 1.9183e-16 1.6 
-0.154695 0.458103 0.125851 -1.543 8.0808e-17 1.6 
-0.153601 0.460705 0.140992 -1.543 1.36319e-16 1.6 
-0.152723 0.462791 0.156401 -1.543 -1.96748e-16 1.6 
-0.152068 0.46435 0.172057 -1.543 1.36319e-16 1.6 
-0.151639 0.465369 0.187937 -1.543 2.52968e-17 1.6 
-0.151443 0.465837 0.204018 -1.543 2.52968e-17 1.6 
-0.151482 0.465744 0.220276 -1.543 -8.57255e-17 1.6 
-0.151761 0.465081 0.236688 -1.543 -1.68992e-16 1.6 
-0.152283 0.463839 0.253229 -1.543 -8.57255e-17 1.6 
-0.153052 0.46201 0.269874 -1.543 -1.13481e-16 1.6 
-0.15407 0.459589 0.286597 -1.543 -2.52259e-16 1.6 
-0.15534 0.45657 0.303374 -1.543 -2.45875e-18 1.6 
-0.156 0.455 0.311 -1.543 -1.96748e-16 1.6 
-0.134275 0.464045 0.306912 -1.59542 -0.000460032 1.60218 
-0.112053 0.472024 0.302848 -1.64786 -0.000891601 1.60428 
-0.0893887 0.478909 0.298808 -1.70031 -0.00129531 1.60632 
-0.0663365 0.484677 0.294793 -1.75277 -0.00167176 1.60829 
-0.0429528 0.489308 0.290803 -1.80523 -0.00202157 1.61018 
-0.019295 0.492783 0.286838 -1.85771 -0.00234536 1.61201 
0.00457868 0.495088 0.2829 -1.91019 -0.00264378 1.61376 
0.0286092 0.49621 0.278987 -1.96268 -0.00291746 1.61545 
0.0527369 0.496142 0.275101 -2.01518 -0.00316705 1.61706 
0.0769017 0.494876 0.271241 -2.06768 -0.0033932 1.6186 
0.101043 0.49241 0.267409 -2.12019 -0.00359657 1.62007 
0.125101 0.488745 0.263604 -2.1727 -0.00377784 1.62147 
0.149014 0.483884 0.259826 -2.22521 -0.00393768 1.62279 
0.172722 0.477833 0.256077 -2.27773 -0.00407675 1.62404 
0.196166 0.470603 0.252356 -2.33025 -0.00419576 1.62522 
0.219286 0.462204 0.248663 -2.38277 -0.00429539 1.62633 
0.242022 0.452655 0.245 -2.43529 -0.00437632 1.62736 
0.264317 0.441972 0.241365 -2.4878 -0.00443925 1.62833 
0.286114 0.430178 0.23776 -2.54032 -0.00448489 1.62921 
0.307357 0.417297 0.234185 -2.59284 -0.00451394 1.63003 
0.327992 0.403356 0.230639 -2.64535 -0.0045271 1.63077 
0.347964 0.388387 0.227124 -2.69786 -0.00452507 1.63143 
0.367222 0.37242 0.22364 -2.75037 -0.00450857 1.63203 
0.385717 0.355493 0.220186 -2.80287 -0.00447831 1.63254 
0.4034 0.337642 0.216764 -2.85537 -0.00443499 1.63299 
0.420224 0.318909 0.213372 -2.90786 -0.00437933 1.63336 
0.436146 0.299336 0.210013 -2.96034 -0.00431205 1.63366 
0.451124 0.278968 0.206685 -3.01281 -0.00423384 1.63388 
0.465117 0.257852 0.20339 -3.06528 -0.00414543 1.63403 
0.478089 0.236037 0.200126 -3.11774 -0.00404752 1.63411 
0.490005 0.213573 0.196896 3.113 -0.00394083 1.63411 
0.500832 0.190514 0.193698 3.06056 -0.00382605 1.63403 
0.510542 0.166914 0.190534 3.00813 -0.00370389 1.63389 
0.519106 0.142828 0.187402 2.95571 -0.00357506 1.63366 
0.526503 0.118314 0.184304 2.90331 -0.00344025 1.63337 
0.53271 0.0934285 0.18124 2.85092 -0.00330016 1.633 
0.537709 0.0682317 0.17821 2.79854 -0.00315549 1.63256 
0.541485 0.0427832 0.175214 2.74617 -0.00300691 1.63204 
0.544027 0.0171439 0.172253 2.69382 -0.00285511 1.63145 
0.545325 -0.00862509 0.169326 2.64149 -0.00270078 1.63079 
0.545373 -0.0344622 0.166434 2.58917 -0.00254458 1.63005 
0.544169 -0.0603055 0.163577 2.53687 -0.00238718 1.62924 
0.541713 -0.0860931 0.160755 2.48459 -0.00222925 1.62836 
0.538009 -0.111763 0.157969 2.43233 -0.00207144 1.6274 
0.533062 -0.137254 0.155218 2.38008 -0.00191439 1.62637 
0.526883 -0.162505 0.152503 2.32785 -0.00175876 1.62527 
0.519484 -0.187455 0.149823 2.27565 -0.00160517 1.62409 
0.510882 -0.212044 0.14718 2.22346 -0.00145426 1.62285 
0.501094 -0.236213 0.144573 2.1713 -0.00130663 1.62153 
0.490142 -0.259904 0.142003 2.11916 -0.00116291 1.62014 
0.478052 -0.283061 0.139469 2.06704 -0.00102369 1.61868 
0.464849 -0.305627 0.136972 2.01494 -0.000889568 1.61714 
0.450565 -0.327549 0.134512 1.96287 -0.000761125 1.61554 
0.435232 -0.348774 0.132089 1.91083 -0.000638935 1.61386 
0.418886 -0.369251 0.129703 1.8588 -0.000523562 1.61212 
0.401563 -0.388931 0.127354 1.80681 -0.00041556 1.6103 
0.383305 -0.407768 0.125043 1.75484 -0.000315471 1.60842 
0.364154 -0.425716 0.122769 1.7029 -0.000223828 1.60646 
0.344154 -0.442733 0.120533 1.65099 -0.000141152 1.60444 
0.323353 -0.458778 0.118335 1.5991 -6.79511e-05 1.60234 
0.301798 -0.473814 0.116175 1.54725 -4.72378e-06 1.60018 
0.3 -0.475 0.116 1.543 -1.07352e-16 1.6 
0.291786 -0.476223 0.114364 1.54187 -0.000184217 1.60531 
0.283567 -0.477189 0.113008 1.54107 -0.000419792 1.6097 
0.27535 -0.47791 0.111936 1.54056 -0.000684753 1.61318 
0.267142 -0.478397 0.111152 1.54032 -0.000955624 1.61572 
0.258948 -0.478661 0.110659 1.54029 -0.00120765 1.61732 
0.250771 -0.478715 0.11046 1.54045 -0.00141506 1.61796 
0.242617 -0.478571 0.110556 1.54074 -0.0015513 1.61765 
0.234488 -0.47824 0.110949 1.54114 -0.00158932 1.61637 
0.226385 -0.477735 0.11164 1.5416 -0.00150186 1.61412 
0.218311 -0.477067 0.112629 1.54207 -0.00126168 1.61091 
0.210265 -0.476249 0.113917 1.54252 -0.000841918 1.60674 
0.202247 -0.475292 0.115501 1.54291 -0.000216297 1.60161 
