0.433 0.12 0.161 3.14 -5.42895e-16 -3.14119 
0.432699 0.12119 0.161091 -3.14022 -1.98231e-10 -3.14119 
0.431777 0.124755 0.161363 -3.13133 -7.79722e-10 -3.14119 
0.430175 0.130682 0.161817 -3.11652 -1.70536e-09 -3.14119 
0.427794 0.138945 0.162453 -3.09577 -2.9116e-09 -3.14119 
0.424498 0.149504 0.163271 -3.0691 -4.3129e-09 -3.14119 
0.420113 0.162303 0.164272 -3.03651 -5.80518e-09 -3.14119 
0.41443 0.177262 0.165456 -2.99799 -7.27024e-09 -3.14119 
0.407206 0.194273 0.166823 -2.95354 -8.58118e-09 -3.14119 
0.398169 0.213193 0.168375 -2.90316 -9.60875e-09 -3.14119 
0.387022 0.233838 0.170113 -2.84686 -1.02288e-08 -3.14119 
0.373447 0.255972 0.172036 -2.78463 -1.03305e-08 -3.14119 
0.357118 0.279302 0.174146 -2.71647 -9.82609e-09 -3.14119 
0.337705 0.30347 0.176443 -2.64239 -8.66063e-09 -3.14119 
0.314891 0.328045 0.178929 -2.56238 -6.82385e-09 -3.14119 
0.288383 0.352515 0.181605 -2.47645 -4.36224e-09 -3.14119 
0.257934 0.376288 0.184472 -2.38459 -1.39241e-09 -3.14119 
0.224054 0.398276 0.18747 -2.28871 1.82116e-09 -3.14119 
0.190127 0.416321 0.190324 -2.19766 4.73145e-09 -3.14119 
0.157081 0.430565 0.192997 -2.11254 7.11297e-09 -3.14119 
0.125367 0.441449 0.195488 -2.03334 8.85949e-09 -3.14119 
0.0953456 0.449427 0.197797 -1.96006 9.93304e-09 -3.14119 
0.0672988 0.454949 0.199922 -1.89272 1.03507e-08 -3.14119 
0.0414366 0.458449 0.201862 -1.8313 1.01724e-08 -3.14119 
0.0179099 0.460339 0.203617 -1.7758 9.48989e-09 -3.14119 
-0.00317965 0.461 0.205186 -1.72624 8.41615e-09 -3.14119 
-0.0217691 0.460777 0.206569 -1.6826 7.07655e-09 -3.14119 
-0.0378256 0.459976 0.207765 -1.64488 5.60042e-09 -3.14119 
-0.0513372 0.458864 0.208774 -1.61309 4.11385e-09 -3.14119 
-0.0623063 0.457664 0.209595 -1.58723 2.73341e-09 -3.14119 
-0.0707429 0.456559 0.210228 -1.5673 1.56088e-09 -3.14119 
-0.0766598 0.455689 0.210673 -1.55329 6.78975e-10 -3.14119 
-0.0800685 0.455151 0.21093 -1.54521 1.48039e-10 -3.14119 
-0.081 0.455 0.211 -1.543 6.43852e-16 -3.14119 
-0.0817128 0.455092 0.210517 -1.543 2.81274e-09 -3.14119 
-0.0838545 0.455355 0.209065 -1.543 1.02674e-08 -3.14119 
-0.0874343 0.45576 0.206645 -1.543 1.96107e-08 -3.14119 
-0.0924668 0.456252 0.203251 -1.543 2.69136e-08 -3.14119 
-0.0989703 0.456756 0.198881 -1.543 2.80619e-08 -3.14119 
-0.106965 0.457174 0.193529 -1.543 2.01471e-08 -3.14119 
-0.116469 0.457386 0.187192 -1.543 3.2571e-09 -3.14119 
-0.126456 0.457278 0.180556 -1.543 -1.56238e-08 -3.14119 
-0.135044 0.456917 0.174863 -1.543 -2.66021e-08 -3.14119 
-0.142174 0.45643 0.170143 -1.543 -2.81239e-08 -3.14119 
-0.147833 0.455922 0.1664 -1.543 -2.23581e-08 -3.14119 
-0.152013 0.455478 0.163636 -1.543 -1.32052e-08 -3.14119 
-0.154711 0.45516 0.161852 -1.543 -4.77976e-09 -3.14119 
-0.155925 0.455009 0.16105 -1.543 -2.92143e-10 -3.14119 
-0.156 0.455 0.161 -1.543 -7.73919e-17 -3.14119 
-0.15597 0.455082 0.161621 -1.54134 -8.58442e-09 -3.14119 
-0.155879 0.455324 0.163488 -1.53636 -3.23727e-08 -3.14119 
-0.155726 0.455705 0.166604 -1.52806 -6.57235e-08 -3.14119 
-0.155506 0.456195 0.17098 -1.51645 -1.00082e-07 -3.14119 
-0.155215 0.45675 0.176626 -1.50151 -1.25254e-07 -3.14119 
-0.154847 0.457313 0.183557 -1.48326 -1.31203e-07 -3.14119 
-0.154395 0.457814 0.191787 -1.46168 -1.1037e-07 -3.14119 
-0.153851 0.458169 0.201331 -1.43679 -6.05158e-08 -3.14119 
-0.153207 0.458282 0.212172 -1.40866 1.17014e-08 -3.14119 
-0.152557 0.458096 0.222701 -1.38146 7.86013e-08 -3.14119 
-0.151965 0.457695 0.231976 -1.35758 1.19825e-07 -3.14119 
-0.15144 0.457169 0.239982 -1.33701 1.31955e-07 -3.14119 
-0.150989 0.456599 0.246707 -1.31977 1.19183e-07 -3.14119 
-0.150617 0.456053 0.252144 -1.30585 9.01017e-08 -3.14119 
-0.15033 0.455586 0.256287 -1.29524 5.50159e-08 -3.14119 
-0.150131 0.455239 0.259135 -1.28795 2.37864e-08 -3.14119 
-0.150022 0.455041 0.260686 -1.28399 4.19186e-09 -3.14119 
-0.15 0.455 0.261 -1.28319 1.31659e-15 -3.14119 
-0.148778 0.455493 0.26092 -1.28645 1.31924e-08 -3.14119 
-0.145102 0.456952 0.260682 -1.29624 5.23267e-08 -3.14119 
-0.138944 0.459317 0.260283 -1.31255 1.16082e-07 -3.14119 
-0.130261 0.462489 0.259724 -1.3354 2.02283e-07 -3.14119 
-0.118994 0.466323 0.259004 -1.36477 3.0794e-07 -3.14119 
-0.105076 0.470634 0.258122 -1.40066 4.29304e-07 -3.14119 
-0.0884326 0.475189 0.257076 -1.44308 5.61941e-07 -3.14119 
-0.0689944 0.479707 0.255865 -1.49203 7.00818e-07 -3.14119 
-0.0467 0.48386 0.254488 -1.5475 8.4041e-07 -3.14119 
-0.0215074 0.487266 0.252941 -1.6095 9.74826e-07 -3.14119 
0.00659512 0.489492 0.251223 -1.67803 1.09794e-06 -3.14119 
0.0375767 0.490058 0.249331 -1.75309 1.20358e-06 -3.14119 
0.0713505 0.488433 0.247263 -1.83466 1.28565e-06 -3.14119 
0.107758 0.484045 0.245015 -1.92277 1.3384e-06 -3.1412 
0.146554 0.47629 0.242585 -2.0174 1.35657e-06 -3.1412 
0.18739 0.464542 0.239969 -2.11856 1.33569e-06 -3.1412 
0.229799 0.448167 0.237164 -2.22625 1.27227e-06 -3.1412 
0.27318 0.426547 0.234166 -2.34046 1.16414e-06 -3.1412 
0.315645 0.399907 0.231057 -2.45795 1.01528e-06 -3.1412 
0.355476 0.369019 0.227924 -2.57543 8.34857e-07 -3.1412 
0.392247 0.334148 0.224766 -2.69292 6.29531e-07 -3.1412 
0.425558 0.2956 0.221583 -2.81041 4.05994e-07 -3.1412 
0.455042 0.253724 0.218377 -2.92789 1.70952e-07 -3.1412 
0.480364 0.208903 0.215146 -3.04538 -6.88808e-08 -3.1412 
0.50123 0.161554 0.211892 3.12032 -3.06787e-07 -3.1412 
0.517389 0.112123 0.208614 3.00283 -5.3605e-07 -3.1412 
0.528633 0.0610843 0.205313 2.88535 -7.4996e-07 -3.1412 
0.534804 0.00892827 0.201989 2.76786 -9.41821e-07 -3.1412 
0.535791 -0.0438366 0.198641 2.65037 -1.10495e-06 -3.1412 
0.531599 -0.0962068 0.195302 2.53397 -1.23171e-06 -3.1412 
0.522856 -0.145524 0.192113 2.4235 -1.31401e-06 -3.1412 
0.510425 -0.191191 0.189094 2.31956 -1.35267e-06 -3.1412 
0.49513 -0.233016 0.186249 2.22214 -1.35066e-06 -3.1412 
0.477751 -0.270924 0.183581 2.13125 -1.31205e-06 -3.1412 
0.459007 -0.30494 0.181093 2.04689 -1.2418e-06 -3.14119 
0.439552 -0.335165 0.178787 1.96905 -1.14548e-06 -3.14119 
0.419972 -0.361757 0.176666 1.89774 -1.02907e-06 -3.14119 
0.400781 -0.384917 0.174733 1.83296 -8.98711e-07 -3.14119 
0.382427 -0.404868 0.172989 1.7747 -7.60589e-07 -3.14119 
0.365293 -0.421846 0.171435 1.72297 -6.20708e-07 -3.14119 
0.3497 -0.436084 0.170075 1.67777 -4.84763e-07 -3.14119 
0.335916 -0.447807 0.168908 1.63909 -3.58013e-07 -3.14119 
0.324158 -0.457217 0.167937 1.60694 -2.45158e-07 -3.14119 
0.314597 -0.464495 0.167161 1.58131 -1.5025e-07 -3.14119 
0.307365 -0.469789 0.166583 1.56221 -7.66088e-08 -3.14119 
0.302555 -0.473212 0.166201 1.54964 -2.6764e-08 -3.14119 
0.300229 -0.474841 0.166018 1.54359 -2.4042e-09 -3.14119 
0.3 -0.475 0.166 1.543 5.03736e-16 -3.14119 
0.299063 -0.475098 0.166022 1.543 -3.63167e-09 -3.14119 
0.296255 -0.475383 0.166084 1.543 -1.33495e-08 -3.14119 
0.291585 -0.475819 0.16618 1.543 -2.58404e-08 -3.14119 
0.285067 -0.476351 0.166299 1.543 -3.63117e-08 -3.14119 
0.276724 -0.476902 0.166423 1.543 -3.95872e-08 -3.14119 
0.266589 -0.477375 0.166531 1.543 -3.1646e-08 -3.14119 
0.254704 -0.477653 0.166597 1.543 -1.16054e-08 -3.14119 
0.241699 -0.477613 0.166592 1.543 1.4748e-08 -3.14119 
0.230279 -0.477277 0.16652 1.543 3.33603e-08 -3.14119 
0.220744 -0.476779 0.166408 1.543 3.97311e-08 -3.14119 
0.21305 -0.476231 0.166284 1.543 3.52701e-08 -3.14119 
0.207157 -0.475723 0.166167 1.543 2.4247e-08 -3.14119 
0.203034 -0.47532 0.166074 1.543 1.18654e-08 -3.14119 
0.200658 -0.475071 0.166017 1.543 2.78093e-09 -3.14119 
