2.64208 -1.19352 2.00159 -0.86916 -0.498702 0.0536633 
2.69144 -1.19376 1.99645 -0.863552 -0.501031 0.0533999 
2.7408 -1.194 1.99131 -0.857944 -0.50336 0.0531366 
2.79015 -1.19424 1.98617 -0.852336 -0.505689 0.0528732 
2.83951 -1.19448 1.98103 -0.846728 -0.508018 0.0526099 
2.88886 -1.19472 1.97589 -0.841121 -0.510347 0.0523465 
2.93822 -1.19496 1.97075 -0.835513 -0.512675 0.0520831 
2.98758 -1.1952 1.9656 -0.829905 -0.515004 0.0518198 
3.03693 -1.19544 1.96046 -0.824297 -0.517333 0.0515564 
3.08629 -1.19568 1.95532 -0.818689 -0.519662 0.0512931 
3.13565 -1.19592 1.95018 -0.813081 -0.521991 0.0510297 
3.185 -1.19616 1.94504 -0.807473 -0.52432 0.0507663 
3.23436 -1.1964 1.9399 -0.801866 -0.526649 0.050503 
3.28372 -1.19664 1.93476 -0.796258 -0.528978 0.0502396 
3.33307 -1.19688 1.92962 -0.79065 -0.531307 0.0499763 
3.38243 -1.19712 1.92448 -0.785042 -0.533636 0.0497129 
3.43179 -1.19736 1.91933 -0.779434 -0.535965 0.0494496 
3.48114 -1.1976 1.91419 -0.773826 -0.538293 0.0491862 
3.5305 -1.19784 1.90905 -0.768219 -0.540622 0.0489228 
3.57986 -1.19808 1.90391 -0.762611 -0.542951 0.0486595 
3.62921 -1.19832 1.89877 -0.757003 -0.54528 0.0483961 
3.67857 -1.19856 1.89363 -0.751395 -0.547609 0.0481328 
3.72793 -1.1988 1.88849 -0.745787 -0.549938 0.0478694 
3.77728 -1.19904 1.88335 -0.740179 -0.552267 0.047606 
3.82664 -1.19928 1.87821 -0.734572 -0.554596 0.0473427 
3.876 -1.19952 1.87306 -0.728964 -0.556925 0.0470793 
3.92535 -1.19976 1.86792 -0.723356 -0.559254 0.046816 
3.97471 -1.2 1.86278 -0.717748 -0.561583 0.0465526 
4.02407 -1.20024 1.85764 -0.71214 -0.563912 0.0462893 
4.07342 -1.20048 1.8525 -0.706532 -0.56624 0.0460259 
4.12278 -1.20072 1.84736 -0.700925 -0.568569 0.0457625 
4.17005 -1.20095 1.84244 -0.695554 -0.5708 0.0455103 
4.19554 -1.19315 1.86023 -0.724075 -0.545355 0.0488269 
4.22104 -1.18535 1.87803 -0.752597 -0.519911 0.0521435 
4.24653 -1.17754 1.89583 -0.781119 -0.494466 0.0554601 
4.27202 -1.16974 1.91363 -0.809641 -0.469022 0.0587767 
4.29751 -1.16194 1.93143 -0.838163 -0.443578 0.0620933 
4.3143 -1.1568 1.94315 -0.856941 -0.426826 0.0642768 
4.3143 -1.1766 1.92213 -0.816126 -0.426826 0.0642768 
4.3143 -1.19639 1.90111 -0.775312 -0.426826 0.0642768 
4.3143 -1.21619 1.8801 -0.734497 -0.426826 0.0642768 
4.3143 -1.23599 1.85908 -0.693682 -0.426826 0.0642768 
4.3143 -1.25579 1.83806 -0.652868 -0.426826 0.0642768 
4.3143 -1.27558 1.81704 -0.612053 -0.426826 0.0642768 
4.3143 -1.29538 1.79603 -0.571238 -0.426826 0.0642768 
4.3143 -1.31518 1.77501 -0.530424 -0.426826 0.0642768 
4.3143 -1.33497 1.75399 -0.489609 -0.426826 0.0642768 
4.3143 -1.35477 1.73297 -0.448794 -0.426826 0.0642768 
4.3143 -1.37457 1.71195 -0.40798 -0.426826 0.0642768 
4.3143 -1.39436 1.69094 -0.367165 -0.426826 0.0642768 
4.3143 -1.40335 1.6814 -0.348638 -0.426826 0.0642768 
4.26795 -1.40001 1.68704 -0.363894 -0.42093 0.0706341 
4.22159 -1.39666 1.69269 -0.379151 -0.415034 0.0769914 
4.17524 -1.39332 1.69833 -0.394407 -0.409138 0.0833488 
4.12889 -1.38998 1.70398 -0.409664 -0.403243 0.0897061 
4.08254 -1.38663 1.70962 -0.424921 -0.397347 0.0960634 
4.03619 -1.38329 1.71527 -0.440177 -0.391451 0.102421 
3.98983 -1.37995 1.72091 -0.455434 -0.385555 0.108778 
3.94348 -1.3766 1.72656 -0.47069 -0.37966 0.115135 
3.89713 -1.37326 1.7322 -0.485947 -0.373764 0.121493 
3.85078 -1.36992 1.73785 -0.501204 -0.367868 0.12785 
3.80443 -1.36657 1.74349 -0.51646 -0.361972 0.134207 
3.75807 -1.36323 1.74914 -0.531717 -0.356077 0.140565 
3.71172 -1.35989 1.75478 -0.546973 -0.350181 0.146922 
3.66537 -1.35654 1.76043 -0.56223 -0.344285 0.153279 
3.61902 -1.3532 1.76607 -0.577487 -0.338389 0.159637 
3.57267 -1.34986 1.77172 -0.592743 -0.332494 0.165994 
3.52631 -1.34652 1.77736 -0.608 -0.326598 0.172351 
3.47996 -1.34317 1.78301 -0.623256 -0.320702 0.178709 
3.43361 -1.33983 1.78865 -0.638513 -0.314806 0.185066 
3.38726 -1.33649 1.7943 -0.65377 -0.308911 0.191423 
3.3409 -1.33314 1.79994 -0.669026 -0.303015 0.19778 
3.29455 -1.3298 1.80559 -0.684283 -0.297119 0.204138 
3.2482 -1.32646 1.81123 -0.699539 -0.291223 0.210495 
3.20185 -1.32311 1.81688 -0.714796 -0.285328 0.216852 
3.1555 -1.31977 1.82252 -0.730052 -0.279432 0.22321 
3.10914 -1.31643 1.82817 -0.745309 -0.273536 0.229567 
3.06279 -1.31308 1.83381 -0.760566 -0.26764 0.235924 
3.01644 -1.30974 1.83946 -0.775822 -0.261745 0.242282 
2.97009 -1.3064 1.8451 -0.791079 -0.255849 0.248639 
2.92374 -1.30305 1.85075 -0.806335 -0.249953 0.254996 
2.87738 -1.29971 1.85639 -0.821592 -0.244057 0.261354 
2.83103 -1.29637 1.86204 -0.836849 -0.238162 0.267711 
2.78468 -1.29302 1.86768 -0.852105 -0.232266 0.274068 
2.73833 -1.28968 1.87333 -0.867362 -0.22637 0.280426 
2.69198 -1.28634 1.87897 -0.882618 -0.220474 0.286783 
2.64562 -1.28299 1.88462 -0.897875 -0.214579 0.29314 
2.59927 -1.27965 1.89026 -0.913132 -0.208683 0.299498 
2.55292 -1.27631 1.89591 -0.928388 -0.202787 0.305855 
2.50657 -1.27296 1.90156 -0.943645 -0.196891 0.312212 
2.46021 -1.26962 1.9072 -0.958901 -0.190996 0.31857 
2.41386 -1.26628 1.91285 -0.974158 -0.1851 0.324927 
2.36751 -1.26294 1.91849 -0.989415 -0.179204 0.331284 
2.32116 -1.25959 1.92414 -1.00467 -0.173308 0.337641 
2.27481 -1.25625 1.92978 -1.01993 -0.167413 0.343999 
2.22845 -1.25291 1.93543 -1.03518 -0.161517 0.350356 
2.1821 -1.24956 1.94107 -1.05044 -0.155621 0.356713 
2.13575 -1.24622 1.94672 -1.0657 -0.149725 0.363071 
2.0894 -1.24288 1.95236 -1.08095 -0.14383 0.369428 
2.04305 -1.23953 1.95801 -1.09621 -0.137934 0.375785 
1.99669 -1.23619 1.96365 -1.11147 -0.132038 0.382143 
1.95034 -1.23285 1.9693 -1.12672 -0.126142 0.3885 
1.90399 -1.2295 1.97494 -1.14198 -0.120247 0.394857 
1.85764 -1.22616 1.98059 -1.15724 -0.114351 0.401215 
1.81129 -1.22282 1.98623 -1.17249 -0.108455 0.407572 
1.76493 -1.21947 1.99188 -1.18775 -0.102559 0.413929 
1.71858 -1.21613 1.99752 -1.20301 -0.0966635 0.420287 
1.67223 -1.21279 2.00317 -1.21826 -0.0907678 0.426644 
1.62588 -1.20944 2.00881 -1.23352 -0.084872 0.433001 
1.57952 -1.2061 2.01446 -1.24878 -0.0789763 0.439359 
1.53317 -1.20276 2.0201 -1.26403 -0.0730805 0.445716 
1.48682 -1.19941 2.02575 -1.27929 -0.0671848 0.452073 
1.48302 -1.19914 2.02621 -1.28054 -0.0667017 0.452594 
1.46558 -1.19657 2.01949 -1.24821 -0.0837227 0.424163 
1.44813 -1.194 2.01276 -1.21588 -0.100744 0.395731 
1.43069 -1.19143 2.00603 -1.18355 -0.117765 0.367299 
1.41324 -1.18886 1.99931 -1.15122 -0.134786 0.338868 
1.3958 -1.18629 1.99258 -1.11889 -0.151807 0.310436 
1.37835 -1.18372 1.98586 -1.08656 -0.168828 0.282005 
1.3609 -1.18115 1.97913 -1.05423 -0.185849 0.253573 
1.34346 -1.17858 1.97241 -1.0219 -0.20287 0.225141 
1.32601 -1.17602 1.96568 -0.989566 -0.219891 0.19671 
1.30857 -1.17345 1.95896 -0.957236 -0.236912 0.168278 
1.29112 -1.17088 1.95223 -0.924905 -0.253933 0.139847 
1.27368 -1.16831 1.94551 -0.892575 -0.270954 0.111415 
