2.64208 -1.19352 2.00159 -0.86916 -0.498702 0.0536633 
2.64482 -1.19353 2.00131 -0.868848 -0.498831 0.0536487 
2.65305 -1.19357 2.00045 -0.867914 -0.499219 0.0536048 
2.66676 -1.19364 1.99902 -0.866356 -0.499866 0.0535316 
2.68595 -1.19373 1.99702 -0.864175 -0.500772 0.0534292 
2.71063 -1.19385 1.99445 -0.861372 -0.501936 0.0532975 
2.74079 -1.194 1.99131 -0.857945 -0.503359 0.0531366 
2.77643 -1.19417 1.9876 -0.853895 -0.505041 0.0529464 
2.81755 -1.19437 1.98331 -0.849223 -0.506982 0.052727 
2.86416 -1.1946 1.97846 -0.843927 -0.509181 0.0524783 
2.91626 -1.19485 1.97303 -0.838008 -0.511639 0.0522003 
2.97383 -1.19513 1.96704 -0.831466 -0.514356 0.0518931 
3.03689 -1.19544 1.96047 -0.824302 -0.517331 0.0515566 
3.10544 -1.19577 1.95333 -0.816514 -0.520566 0.0511909 
3.17947 -1.19613 1.94562 -0.808103 -0.524059 0.0507959 
3.25898 -1.19652 1.93733 -0.799069 -0.52781 0.0503716 
3.34397 -1.19693 1.92848 -0.789412 -0.531821 0.0499181 
3.43393 -1.19737 1.91911 -0.779191 -0.536066 0.0494381 
3.52104 -1.19779 1.91004 -0.769293 -0.540176 0.0489733 
3.60267 -1.19819 1.90154 -0.760019 -0.544028 0.0485378 
3.67881 -1.19856 1.8936 -0.751368 -0.54762 0.0481315 
3.74946 -1.19891 1.88624 -0.74334 -0.550954 0.0477545 
3.81464 -1.19922 1.87946 -0.735935 -0.55403 0.0474067 
3.87433 -1.19951 1.87324 -0.729153 -0.556846 0.0470882 
3.92854 -1.19978 1.86759 -0.722994 -0.559404 0.046799 
3.97726 -1.20001 1.86252 -0.717458 -0.561703 0.046539 
4.0205 -1.20022 1.85801 -0.712545 -0.563743 0.0463083 
4.05826 -1.20041 1.85408 -0.708255 -0.565525 0.0461068 
4.09053 -1.20056 1.85072 -0.704589 -0.567048 0.0459346 
4.11732 -1.20069 1.84793 -0.701545 -0.568312 0.0457917 
4.13863 -1.2008 1.84571 -0.699124 -0.569317 0.045678 
4.15445 -1.20087 1.84406 -0.697326 -0.570064 0.0455936 
4.16479 -1.20093 1.84298 -0.696152 -0.570552 0.0455384 
4.16964 -1.20095 1.84248 -0.6956 -0.570781 0.0455125 
4.17005 -1.20095 1.84244 -0.695554 -0.5708 0.0455103 
4.17147 -1.20052 1.84342 -0.697138 -0.569386 0.0456945 
4.17571 -1.19922 1.84639 -0.701891 -0.565146 0.0462473 
4.1828 -1.19705 1.85133 -0.709813 -0.558079 0.0471684 
4.19271 -1.19402 1.85826 -0.720904 -0.548185 0.0484581 
4.20545 -1.19011 1.86715 -0.735163 -0.535464 0.0501162 
4.22103 -1.18535 1.87803 -0.752592 -0.519916 0.0521428 
4.23944 -1.17971 1.89088 -0.773189 -0.501541 0.0545379 
4.25857 -1.17386 1.90424 -0.794592 -0.482447 0.0570267 
4.27492 -1.16885 1.91566 -0.812886 -0.466127 0.059154 
4.28844 -1.16471 1.9251 -0.828011 -0.452634 0.0609127 
4.29913 -1.16144 1.93256 -0.839967 -0.441968 0.062303 
4.30698 -1.15904 1.93804 -0.848754 -0.434129 0.0633249 
4.312 -1.1575 1.94155 -0.854373 -0.429117 0.0639782 
4.31419 -1.15683 1.94308 -0.856823 -0.426931 0.0642631 
4.3143 -1.1568 1.94315 -0.856941 -0.426826 0.0642768 
4.3143 -1.1579 1.94198 -0.854674 -0.426826 0.0642768 
4.3143 -1.1612 1.93848 -0.847872 -0.426826 0.0642768 
4.3143 -1.1667 1.93264 -0.836536 -0.426826 0.0642768 
4.3143 -1.1744 1.92447 -0.820665 -0.426826 0.0642768 
4.3143 -1.18429 1.91396 -0.800259 -0.426826 0.0642768 
4.3143 -1.19639 1.90112 -0.77532 -0.426826 0.0642768 
4.3143 -1.21069 1.88594 -0.745845 -0.426826 0.0642768 
4.3143 -1.22718 1.86843 -0.711837 -0.426826 0.0642768 
4.3143 -1.24588 1.84858 -0.673293 -0.426826 0.0642768 
4.3143 -1.26677 1.8264 -0.630215 -0.426826 0.0642768 
4.3143 -1.28949 1.80227 -0.583374 -0.426826 0.0642768 
4.3143 -1.31077 1.77968 -0.539502 -0.426826 0.0642768 
4.3143 -1.32985 1.75943 -0.500165 -0.426826 0.0642768 
4.3143 -1.34673 1.7415 -0.465362 -0.426826 0.0642768 
4.3143 -1.36141 1.72592 -0.435093 -0.426826 0.0642768 
4.3143 -1.3739 1.71266 -0.409359 -0.426826 0.0642768 
4.3143 -1.38418 1.70175 -0.38816 -0.426826 0.0642768 
4.3143 -1.39226 1.69317 -0.371495 -0.426826 0.0642768 
4.3143 -1.39815 1.68692 -0.359365 -0.426826 0.0642768 
4.3143 -1.40183 1.68301 -0.351769 -0.426826 0.0642768 
4.3143 -1.40332 1.68143 -0.348707 -0.426826 0.0642768 
4.3143 -1.40335 1.6814 -0.348638 -0.426826 0.0642768 
4.31172 -1.40316 1.68171 -0.349485 -0.426498 0.06463 
4.304 -1.40261 1.68265 -0.352028 -0.425516 0.0656894 
4.29112 -1.40168 1.68422 -0.356265 -0.423878 0.0674552 
4.2731 -1.40038 1.68641 -0.362198 -0.421586 0.0699272 
4.24993 -1.39871 1.68924 -0.369825 -0.418638 0.0731055 
4.2216 -1.39666 1.69268 -0.379148 -0.415035 0.0769902 
4.18813 -1.39425 1.69676 -0.390165 -0.410778 0.0815811 
4.14951 -1.39146 1.70147 -0.402878 -0.405865 0.0868783 
4.10574 -1.38831 1.7068 -0.417285 -0.400297 0.0928819 
4.05681 -1.38478 1.71275 -0.433388 -0.394075 0.0995917 
4.00274 -1.38088 1.71934 -0.451186 -0.387197 0.107008 
3.94352 -1.37661 1.72655 -0.470678 -0.379664 0.11513 
3.87915 -1.37196 1.73439 -0.491866 -0.371477 0.123959 
3.80963 -1.36695 1.74286 -0.514748 -0.362634 0.133494 
3.73496 -1.36156 1.75195 -0.539326 -0.353136 0.143735 
3.65513 -1.35581 1.76167 -0.565599 -0.342983 0.154683 
3.57016 -1.34968 1.77202 -0.593566 -0.332176 0.166337 
3.48004 -1.34318 1.783 -0.623229 -0.320713 0.178697 
3.38734 -1.33649 1.79429 -0.653742 -0.308921 0.191412 
3.29464 -1.32981 1.80558 -0.684255 -0.29713 0.204126 
3.20193 -1.32312 1.81687 -0.714768 -0.285338 0.216841 
3.10923 -1.31643 1.82816 -0.745282 -0.273547 0.229556 
3.01652 -1.30975 1.83945 -0.775795 -0.261755 0.24227 
2.92382 -1.30306 1.85074 -0.806308 -0.249964 0.254985 
2.83111 -1.29637 1.86203 -0.836821 -0.238172 0.2677 
2.73841 -1.28969 1.87332 -0.867334 -0.226381 0.280414 
2.64571 -1.283 1.88461 -0.897848 -0.214589 0.293129 
2.553 -1.27631 1.8959 -0.928361 -0.202798 0.305843 
2.4603 -1.26963 1.90719 -0.958874 -0.191006 0.318558 
2.36759 -1.26294 1.91848 -0.989387 -0.179215 0.331273 
2.27543 -1.25629 1.9297 -1.01972 -0.167492 0.343913 
2.18767 -1.24996 1.94039 -1.04861 -0.156329 0.35595 
2.10505 -1.244 1.95045 -1.0758 -0.145821 0.367281 
2.02759 -1.23842 1.95989 -1.1013 -0.135967 0.377906 
1.95527 -1.2332 1.9687 -1.1251 -0.126769 0.387824 
1.8881 -1.22836 1.97688 -1.14721 -0.118226 0.397036 
1.82609 -1.22388 1.98443 -1.16762 -0.110338 0.405542 
1.76922 -1.21978 1.99135 -1.18634 -0.103104 0.413342 
1.7175 -1.21605 1.99765 -1.20336 -0.0965261 0.420435 
1.67093 -1.21269 2.00332 -1.21869 -0.0906029 0.426822 
1.62952 -1.20971 2.00837 -1.23232 -0.0853348 0.432502 
1.59325 -1.20709 2.01279 -1.24426 -0.0807216 0.437477 
1.56213 -1.20485 2.01658 -1.2545 -0.0767635 0.441745 
1.53616 -1.20297 2.01974 -1.26305 -0.0734604 0.445306 
1.51534 -1.20147 2.02227 -1.2699 -0.0708123 0.448162 
1.49967 -1.20034 2.02418 -1.27506 -0.0688193 0.450311 
1.48915 -1.19958 2.02546 -1.27852 -0.0674812 0.451754 
1.48378 -1.1992 2.02612 -1.28029 -0.0667982 0.45249 
1.48302 -1.19914 2.02621 -1.28054 -0.0667017 0.452594 
1.48205 -1.199 2.02584 -1.27874 -0.0676472 0.451015 
1.47915 -1.19857 2.02472 -1.27336 -0.0704838 0.446277 
1.4743 -1.19786 2.02285 -1.26438 -0.0752114 0.43838 
1.46752 -1.19686 2.02023 -1.2518 -0.08183 0.427324 
1.4588 -1.19557 2.01687 -1.23564 -0.0903397 0.41311 
1.44814 -1.194 2.01276 -1.21589 -0.10074 0.395737 
1.43554 -1.19215 2.0079 -1.19254 -0.113032 0.375205 
1.421 -1.19001 2.0023 -1.1656 -0.127215 0.351514 
1.40453 -1.18758 1.99595 -1.13507 -0.143289 0.324665 
1.38611 -1.18487 1.98885 -1.10094 -0.161254 0.294657 
1.36622 -1.18194 1.98118 -1.06408 -0.180662 0.262237 
1.34775 -1.17922 1.97407 -1.02986 -0.198679 0.232141 
1.33123 -1.17678 1.96769 -0.999226 -0.214805 0.205205 
1.31664 -1.17463 1.96207 -0.972188 -0.22904 0.181427 
1.30398 -1.17277 1.95719 -0.948742 -0.241384 0.160808 
1.29327 -1.17119 1.95306 -0.928887 -0.251837 0.143348 
1.2845 -1.1699 1.94968 -0.912625 -0.260399 0.129047 
1.27766 -1.16889 1.94704 -0.899954 -0.267069 0.117904 
1.27276 -1.16817 1.94516 -0.890875 -0.271849 0.10992 
1.2698 -1.16774 1.94401 -0.885388 -0.274738 0.105095 
1.26878 -1.16759 1.94362 -0.883494 -0.275735 0.103429 
