-3.11606 -1.63492 1.97344 -1.90931 -1.5712 1.59792 
-3.0666 -1.63498 1.96909 -1.9049 -1.5712 1.59404 
-3.01715 -1.63504 1.96473 -1.90048 -1.5712 1.59015 
-2.96769 -1.6351 1.96037 -1.89607 -1.5712 1.58626 
-2.91823 -1.63516 1.95602 -1.89165 -1.5712 1.58237 
-2.86878 -1.63522 1.95166 -1.88724 -1.5712 1.57848 
-2.81932 -1.63528 1.9473 -1.88282 -1.5712 1.5746 
-2.76987 -1.63534 1.94295 -1.8784 -1.5712 1.57071 
-2.72041 -1.6354 1.93859 -1.87399 -1.5712 1.56682 
-2.67095 -1.63546 1.93423 -1.86957 -1.5712 1.56293 
-2.6215 -1.63552 1.92988 -1.86516 -1.5712 1.55904 
-2.57204 -1.63558 1.92552 -1.86074 -1.5712 1.55515 
-2.52259 -1.63564 1.92116 -1.85633 -1.5712 1.55127 
-2.47313 -1.6357 1.91681 -1.85191 -1.5712 1.54738 
-2.42367 -1.63576 1.91245 -1.8475 -1.5712 1.54349 
-2.37422 -1.63582 1.90809 -1.84308 -1.5712 1.5396 
-2.32476 -1.63588 1.90374 -1.83866 -1.5712 1.53571 
-2.27531 -1.63594 1.89938 -1.83425 -1.5712 1.53183 
-2.22585 -1.636 1.89502 -1.82983 -1.5712 1.52794 
-2.17639 -1.63606 1.89067 -1.82542 -1.5712 1.52405 
-2.12694 -1.63612 1.88631 -1.821 -1.5712 1.52016 
-2.07748 -1.63618 1.88195 -1.81659 -1.5712 1.51627 
-2.02802 -1.63624 1.8776 -1.81217 -1.5712 1.51239 
-1.97857 -1.63631 1.87324 -1.80776 -1.5712 1.5085 
-1.92911 -1.63637 1.86888 -1.80334 -1.5712 1.50461 
-1.87966 -1.63643 1.86453 -1.79892 -1.5712 1.50072 
-1.8302 -1.63649 1.86017 -1.79451 -1.5712 1.49683 
-1.78074 -1.63655 1.85581 -1.79009 -1.5712 1.49294 
-1.73129 -1.63661 1.85146 -1.78568 -1.5712 1.48906 
-1.68183 -1.63667 1.8471 -1.78126 -1.5712 1.48517 
-1.63251 -1.63673 1.84275 -1.77686 -1.5712 1.48129 
-1.60377 -1.62281 1.8525 -1.80051 -1.5712 1.51002 
-1.57504 -1.6089 1.86226 -1.82417 -1.5712 1.53876 
-1.5463 -1.59498 1.87201 -1.84782 -1.5712 1.56749 
-1.51757 -1.58107 1.88176 -1.87148 -1.5712 1.59623 
-1.48884 -1.56715 1.89151 -1.89513 -1.5712 1.62496 
-1.46889 -1.55749 1.89828 -1.91155 -1.5712 1.6449 
-1.47036 -1.56381 1.87445 -1.88142 -1.5712 1.61356 
-1.47183 -1.57013 1.85063 -1.8513 -1.5712 1.58222 
-1.4733 -1.57644 1.82681 -1.82117 -1.5712 1.55087 
-1.47477 -1.58276 1.80299 -1.79104 -1.5712 1.51953 
-1.47624 -1.58908 1.77917 -1.76092 -1.5712 1.48819 
-1.47771 -1.5954 1.75535 -1.73079 -1.5712 1.45684 
-1.47918 -1.60171 1.73152 -1.70067 -1.5712 1.4255 
-1.48065 -1.60803 1.7077 -1.67054 -1.5712 1.39416 
-1.48167 -1.61243 1.6911 -1.64954 -1.5712 1.37231 
-1.53031 -1.60835 1.69086 -1.65338 -1.5712 1.38241 
-1.57896 -1.60427 1.69062 -1.65723 -1.57119 1.39251 
-1.6276 -1.60018 1.69039 -1.66107 -1.57119 1.40261 
-1.67624 -1.5961 1.69015 -1.66491 -1.57119 1.41272 
-1.72488 -1.59202 1.68991 -1.66875 -1.57119 1.42282 
-1.77352 -1.58794 1.68967 -1.67259 -1.57119 1.43292 
-1.82216 -1.58385 1.68944 -1.67643 -1.57119 1.44302 
-1.8708 -1.57977 1.6892 -1.68027 -1.57119 1.45313 
-1.91944 -1.57569 1.68896 -1.68411 -1.57119 1.46323 
-1.96809 -1.57161 1.68873 -1.68796 -1.57119 1.47333 
-2.01673 -1.56752 1.68849 -1.6918 -1.57119 1.48343 
-2.06537 -1.56344 1.68825 -1.69564 -1.57119 1.49353 
-2.11401 -1.55936 1.68801 -1.69948 -1.57119 1.50364 
-2.16265 -1.55528 1.68778 -1.70332 -1.57119 1.51374 
-2.21129 -1.55119 1.68754 -1.70716 -1.57119 1.52384 
-2.25993 -1.54711 1.6873 -1.711 -1.57119 1.53394 
-2.30857 -1.54303 1.68706 -1.71485 -1.57119 1.54404 
-2.35722 -1.53895 1.68683 -1.71869 -1.57119 1.55415 
-2.40586 -1.53486 1.68659 -1.72253 -1.57119 1.56425 
-2.4545 -1.53078 1.68635 -1.72637 -1.57119 1.57435 
-2.50314 -1.5267 1.68612 -1.73021 -1.57119 1.58445 
-2.55178 -1.52261 1.68588 -1.73405 -1.57119 1.59456 
-2.60042 -1.51853 1.68564 -1.73789 -1.57119 1.60466 
-2.64906 -1.51445 1.6854 -1.74173 -1.57119 1.61476 
-2.6977 -1.51037 1.68517 -1.74558 -1.57119 1.62486 
-2.74634 -1.50628 1.68493 -1.74942 -1.57119 1.63496 
-2.79499 -1.5022 1.68469 -1.75326 -1.57118 1.64507 
-2.84363 -1.49812 1.68445 -1.7571 -1.57118 1.65517 
-2.89227 -1.49404 1.68422 -1.76094 -1.57118 1.66527 
-2.94091 -1.48995 1.68398 -1.76478 -1.57118 1.67537 
-2.98955 -1.48587 1.68374 -1.76862 -1.57118 1.68547 
-3.03819 -1.48179 1.68351 -1.77246 -1.57118 1.69558 
-3.08683 -1.47771 1.68327 -1.77631 -1.57118 1.70568 
-3.13547 -1.47362 1.68303 -1.78015 -1.57118 1.71578 
-3.18412 -1.46954 1.68279 -1.78399 -1.57118 1.72588 
-3.23276 -1.46546 1.68256 -1.78783 -1.57118 1.73599 
-3.2814 -1.46138 1.68232 -1.79167 -1.57118 1.74609 
-3.33004 -1.45729 1.68208 -1.79551 -1.57118 1.75619 
-3.37868 -1.45321 1.68184 -1.79935 -1.57118 1.76629 
-3.42732 -1.44913 1.68161 -1.8032 -1.57118 1.77639 
-3.47596 -1.44504 1.68137 -1.80704 -1.57118 1.7865 
-3.5246 -1.44096 1.68113 -1.81088 -1.57118 1.7966 
-3.57325 -1.43688 1.6809 -1.81472 -1.57118 1.8067 
-3.62189 -1.4328 1.68066 -1.81856 -1.57118 1.8168 
-3.67053 -1.42871 1.68042 -1.8224 -1.57118 1.8269 
-3.71917 -1.42463 1.68018 -1.82624 -1.57118 1.83701 
-3.76781 -1.42055 1.67995 -1.83008 -1.57118 1.84711 
-3.81645 -1.41647 1.67971 -1.83393 -1.57118 1.85721 
-3.86509 -1.41238 1.67947 -1.83777 -1.57118 1.86731 
-3.91373 -1.4083 1.67923 -1.84161 -1.57118 1.87742 
-3.96237 -1.40422 1.679 -1.84545 -1.57118 1.88752 
-4.01102 -1.40014 1.67876 -1.84929 -1.57117 1.89762 
-4.05966 -1.39605 1.67852 -1.85313 -1.57117 1.90772 
-4.1083 -1.39197 1.67829 -1.85697 -1.57117 1.91782 
-4.15694 -1.38789 1.67805 -1.86081 -1.57117 1.92793 
-4.20558 -1.38381 1.67781 -1.86466 -1.57117 1.93803 
-4.25422 -1.37972 1.67757 -1.8685 -1.57117 1.94813 
-4.30286 -1.37564 1.67734 -1.87234 -1.57117 1.95823 
-4.34417 -1.37217 1.67713 -1.8756 -1.57117 1.96681 
-4.3739 -1.3897 1.69755 -1.87849 -1.57118 1.93709 
-4.40362 -1.40723 1.71796 -1.88139 -1.57118 1.90736 
-4.43335 -1.42476 1.73837 -1.88428 -1.57118 1.87764 
-4.46307 -1.44229 1.75878 -1.88717 -1.57119 1.84791 
-4.4928 -1.45982 1.77919 -1.89006 -1.57119 1.81818 
-4.52252 -1.47735 1.7996 -1.89296 -1.57119 1.78846 
