-3.11606 -1.63492 1.97344 -1.90931 -1.5712 1.59792 
-3.11331 -1.63492 1.9732 -1.90907 -1.5712 1.59771 
-3.10507 -1.63493 1.97248 -1.90833 -1.5712 1.59706 
-3.09133 -1.63495 1.97127 -1.90711 -1.5712 1.59598 
-3.0721 -1.63497 1.96957 -1.90539 -1.5712 1.59447 
-3.04738 -1.635 1.96739 -1.90318 -1.5712 1.59252 
-3.01716 -1.63504 1.96473 -1.90048 -1.5712 1.59015 
-2.98144 -1.63508 1.96159 -1.89729 -1.5712 1.58734 
-2.94023 -1.63513 1.95796 -1.89362 -1.5712 1.5841 
-2.89353 -1.63519 1.95384 -1.88945 -1.5712 1.58043 
-2.84133 -1.63525 1.94924 -1.88479 -1.5712 1.57633 
-2.78364 -1.63532 1.94416 -1.87963 -1.5712 1.57179 
-2.72045 -1.6354 1.93859 -1.87399 -1.5712 1.56682 
-2.65177 -1.63548 1.93254 -1.86786 -1.5712 1.56142 
-2.57759 -1.63557 1.92601 -1.86124 -1.5712 1.55559 
-2.49792 -1.63567 1.91899 -1.85412 -1.5712 1.54933 
-2.41275 -1.63577 1.91149 -1.84652 -1.5712 1.54263 
-2.32387 -1.63588 1.90366 -1.83858 -1.5712 1.53564 
-2.23945 -1.63599 1.89622 -1.83105 -1.5712 1.52901 
-2.16053 -1.63608 1.88927 -1.824 -1.5712 1.5228 
-2.0871 -1.63617 1.8828 -1.81745 -1.5712 1.51703 
-2.01917 -1.63626 1.87682 -1.81138 -1.5712 1.51169 
-1.95673 -1.63633 1.87132 -1.80581 -1.5712 1.50678 
-1.89979 -1.6364 1.8663 -1.80072 -1.5712 1.5023 
-1.84834 -1.63646 1.86177 -1.79613 -1.5712 1.49826 
-1.80239 -1.63652 1.85772 -1.79203 -1.5712 1.49465 
-1.76193 -1.63657 1.85415 -1.78841 -1.5712 1.49147 
-1.72696 -1.63661 1.85107 -1.78529 -1.5712 1.48872 
-1.69749 -1.63665 1.84848 -1.78266 -1.5712 1.4864 
-1.67351 -1.63668 1.84637 -1.78052 -1.5712 1.48451 
-1.65503 -1.6367 1.84474 -1.77887 -1.5712 1.48306 
-1.64205 -1.63672 1.84359 -1.77771 -1.5712 1.48204 
-1.63455 -1.63673 1.84293 -1.77704 -1.5712 1.48145 
-1.63251 -1.63673 1.84275 -1.77686 -1.5712 1.48129 
-1.63091 -1.63595 1.8433 -1.77817 -1.5712 1.48289 
-1.62612 -1.63364 1.84492 -1.78211 -1.5712 1.48768 
-1.61814 -1.62977 1.84763 -1.78868 -1.5712 1.49566 
-1.60697 -1.62436 1.85142 -1.79788 -1.5712 1.50683 
-1.5926 -1.6174 1.8563 -1.80971 -1.5712 1.52119 
-1.57504 -1.6089 1.86225 -1.82416 -1.5712 1.53875 
-1.55429 -1.59885 1.8693 -1.84124 -1.5712 1.5595 
-1.53261 -1.58835 1.87665 -1.8591 -1.5712 1.58119 
-1.51404 -1.57936 1.88296 -1.87439 -1.5712 1.59976 
-1.49866 -1.57191 1.88818 -1.88705 -1.5712 1.61514 
-1.48647 -1.566 1.89231 -1.89708 -1.5712 1.62733 
-1.47747 -1.56165 1.89537 -1.90449 -1.5712 1.63632 
-1.47167 -1.55884 1.89734 -1.90927 -1.5712 1.64213 
-1.46906 -1.55757 1.89822 -1.91142 -1.5712 1.64474 
-1.46889 -1.55749 1.89828 -1.91155 -1.5712 1.6449 
-1.46898 -1.55785 1.89695 -1.90987 -1.5712 1.64316 
-1.46922 -1.5589 1.89298 -1.90485 -1.5712 1.63794 
-1.46963 -1.56065 1.88637 -1.89649 -1.5712 1.62923 
-1.4702 -1.56311 1.8771 -1.88477 -1.5712 1.61704 
-1.47094 -1.56627 1.86519 -1.86971 -1.5712 1.60137 
-1.47183 -1.57013 1.85064 -1.8513 -1.5712 1.58222 
-1.47289 -1.57469 1.83344 -1.82955 -1.5712 1.55959 
-1.47412 -1.57995 1.81359 -1.80444 -1.5712 1.53347 
-1.4755 -1.5859 1.79115 -1.77607 -1.5712 1.50395 
-1.47684 -1.59165 1.76946 -1.74864 -1.5712 1.47541 
-1.47801 -1.5967 1.75042 -1.72456 -1.5712 1.45036 
-1.47903 -1.60105 1.73402 -1.70383 -1.5712 1.42878 
-1.47987 -1.6047 1.72027 -1.68644 -1.5712 1.41069 
-1.48056 -1.60764 1.70917 -1.6724 -1.5712 1.39608 
-1.48108 -1.60988 1.70071 -1.6617 -1.5712 1.38496 
-1.48144 -1.61142 1.6949 -1.65435 -1.5712 1.37731 
-1.48163 -1.61226 1.69174 -1.65035 -1.5712 1.37315 
-1.48167 -1.61243 1.6911 -1.64954 -1.5712 1.37231 
-1.48438 -1.61221 1.69109 -1.64976 -1.5712 1.37287 
-1.49248 -1.61152 1.69105 -1.6504 -1.5712 1.37455 
-1.50599 -1.61039 1.69098 -1.65146 -1.5712 1.37736 
-1.52491 -1.6088 1.69089 -1.65296 -1.5712 1.38129 
-1.54922 -1.60676 1.69077 -1.65488 -1.5712 1.38634 
-1.57895 -1.60427 1.69062 -1.65722 -1.57119 1.39251 
-1.61407 -1.60132 1.69045 -1.66 -1.57119 1.39981 
-1.6546 -1.59792 1.69025 -1.6632 -1.57119 1.40822 
-1.70054 -1.59406 1.69003 -1.66683 -1.57119 1.41776 
-1.75188 -1.58975 1.68978 -1.67088 -1.57119 1.42843 
-1.80862 -1.58499 1.6895 -1.67536 -1.57119 1.44021 
-1.87076 -1.57977 1.6892 -1.68027 -1.57119 1.45312 
-1.93831 -1.5741 1.68887 -1.6856 -1.57119 1.46715 
-2.01127 -1.56798 1.68851 -1.69137 -1.57119 1.4823 
-2.08963 -1.5614 1.68813 -1.69755 -1.57119 1.49857 
-2.17339 -1.55437 1.68772 -1.70417 -1.57119 1.51597 
-2.26256 -1.54689 1.68729 -1.71121 -1.57119 1.53449 
-2.35713 -1.53895 1.68683 -1.71868 -1.57119 1.55413 
-2.45441 -1.53079 1.68635 -1.72636 -1.57119 1.57433 
-2.55169 -1.52262 1.68588 -1.73404 -1.57119 1.59454 
-2.64897 -1.51446 1.6854 -1.74173 -1.57119 1.61474 
-2.74626 -1.50629 1.68493 -1.74941 -1.57119 1.63495 
-2.84354 -1.49813 1.68446 -1.75709 -1.57118 1.65515 
-2.94082 -1.48996 1.68398 -1.76478 -1.57118 1.67535 
-3.0381 -1.4818 1.68351 -1.77246 -1.57118 1.69556 
-3.13539 -1.47363 1.68303 -1.78014 -1.57118 1.71576 
-3.23267 -1.46547 1.68256 -1.78782 -1.57118 1.73597 
-3.32995 -1.4573 1.68208 -1.79551 -1.57118 1.75617 
-3.42723 -1.44913 1.68161 -1.80319 -1.57118 1.77638 
-3.52362 -1.44104 1.68114 -1.8108 -1.57118 1.79639 
-3.61509 -1.43337 1.68069 -1.81802 -1.57118 1.81539 
-3.70116 -1.42614 1.68027 -1.82482 -1.57118 1.83327 
-3.78182 -1.41937 1.67988 -1.83119 -1.57118 1.85002 
-3.85708 -1.41306 1.67951 -1.83713 -1.57118 1.86565 
-3.92694 -1.40719 1.67917 -1.84265 -1.57118 1.88016 
-3.99139 -1.40178 1.67886 -1.84774 -1.57118 1.89354 
-4.05043 -1.39683 1.67857 -1.8524 -1.57117 1.90581 
-4.10408 -1.39233 1.67831 -1.85664 -1.57117 1.91695 
-4.15232 -1.38828 1.67807 -1.86045 -1.57117 1.92697 
-4.19515 -1.38468 1.67786 -1.86383 -1.57117 1.93586 
-4.23258 -1.38154 1.67768 -1.86679 -1.57117 1.94364 
-4.26461 -1.37885 1.67752 -1.86932 -1.57117 1.95029 
-4.29123 -1.37662 1.67739 -1.87142 -1.57117 1.95582 
-4.31245 -1.37484 1.67729 -1.8731 -1.57117 1.96022 
-4.32826 -1.37351 1.67721 -1.87434 -1.57117 1.96351 
-4.33867 -1.37263 1.67716 -1.87517 -1.57117 1.96567 
-4.34368 -1.37221 1.67714 -1.87556 -1.57117 1.96671 
-4.34417 -1.37217 1.67713 -1.8756 -1.57117 1.96681 
-4.34582 -1.37315 1.67827 -1.87576 -1.57117 1.96516 
-4.35078 -1.37607 1.68167 -1.87624 -1.57117 1.96021 
-4.35903 -1.38094 1.68734 -1.87705 -1.57117 1.95195 
-4.37059 -1.38775 1.69528 -1.87817 -1.57118 1.94039 
-4.38545 -1.39652 1.70548 -1.87962 -1.57118 1.92553 
-4.40362 -1.40723 1.71795 -1.88139 -1.57118 1.90737 
-4.42508 -1.41989 1.73269 -1.88347 -1.57118 1.8859 
-4.4488 -1.43388 1.74898 -1.88578 -1.57118 1.86218 
-4.46984 -1.44629 1.76343 -1.88783 -1.57119 1.84114 
-4.48759 -1.45675 1.77561 -1.88956 -1.57119 1.8234 
-4.50202 -1.46527 1.78553 -1.89096 -1.57119 1.80896 
-4.51316 -1.47183 1.79318 -1.89205 -1.57119 1.79782 
-4.521 -1.47645 1.79855 -1.89281 -1.57119 1.78999 
-4.52553 -1.47913 1.80167 -1.89325 -1.57119 1.78545 
